x	y
	
0	0
	
-4.994405975	-0.236357068
	
-9.988812429	-0.472711361
	
-14.98321936	-0.709062884
	
-19.97762676	-0.945411634
	
-24.97203464	-1.181757612
	
-29.966443	-1.418100818
	
-34.96085184	-1.654441251
	
-39.95526114	-1.890778912
	
-44.94967093	-2.1271138
	
-49.9440812	-2.363445917
	
-54.93849194	-2.599775261
	
-59.93290315	-2.836101833
	
-64.92731484	-3.072425632
	
-69.92172701	-3.30874666
	
-74.91613966	-3.545064914
	
-79.91055278	-3.781380397
	
-84.90496637	-4.017693109
	
-89.89938045	-4.254003047
	
-94.893795	-4.490310212
	
-99.88821002	-4.726614606
	
-104.8826255	-4.962916227
	
-109.8770415	-5.199215077
	
-114.871458	-5.435511154
	
-119.8658749	-5.671804457
	
-124.8602923	-5.90809499
	
-129.8547102	-6.144382748
	
-134.8487012	-6.389159206
	
-139.8417453	-6.652753848
	
-144.83479	-6.916345721
	
-149.8278352	-7.179934827
	
-154.8208809	-7.443521161
	
-159.8139272	-7.707104726
	
-164.8069739	-7.970685523
	
-169.8000211	-8.234263551
	
-174.7930688	-8.497838809
	
-179.7861171	-8.761411296
	
-184.7791658	-9.024981018
	
-189.7722151	-9.288547967
	
-194.7652648	-9.552112149
	
-199.7583151	-9.81567356
	
-204.7513659	-10.0792322
	
-209.7444171	-10.34278808
	
-214.7374689	-10.60634118
	
-219.7302256	-10.87530315
	
-224.7224085	-11.15477311
	
-229.7145919	-11.43424031
	
-234.7067759	-11.71370473
	
-239.6989604	-11.99316639
	
-244.6930732	-12.16471256
	
-249.6920541	-12.06377571
	
-254.691035	-11.96283605
	
-259.6900161	-11.86189361
	
-264.6889973	-11.76094836
	
-269.6726834	-11.36333496
	
-274.6555414	-10.94966133
	
-279.6383992	-10.5359849
	
-284.5956627	-9.911473837
	
-289.5327675	-9.12090593
	
-294.4698716	-8.330335257
	
-299.1763041	-6.768432784
	
-303.7368373	-4.718667911
	
-307.5083304	-1.612174667
	
-310.7692029	2.178169636
	
-313.4519472	6.36070918
	
-315.7683655	10.79175946
	
-317.8588434	15.31463411
	
-319.290248	20.10536284
	
-320.7216508	24.89609189
	
-321.743674	29.78469517
	
-322.6339278	34.70480169
	
-323.4491699	39.63683323
	
-324.1285966	44.59045609
	
-324.8080223	49.54407907
	
-325.365628	54.51280838
	
-325.9167266	59.4823446
	
-326.4678243	64.45188093
	
-327.0189211	69.42141735
	
-327.5700171	74.39095387
	
-328.1211121	79.3604905
	
-328.6722062	84.33002722
	
-329.2232995	89.29956405
	
-329.7743918	94.26910097
	
-330.3254833	99.23863799
	
-330.8765739	104.2081751
	
-331.4276636	109.1777123
	
-331.9787523	114.1472497
	
-332.5818624	119.1103901
	
-333.2511604	124.0653918
	
-333.9204574	129.0203935
	
-334.5897533	133.9753954
	
-335.2590482	138.9303974
	
-335.9283421	143.8853996
	
-336.597635	148.8404018
	
-337.2669269	153.7954042
	
-337.9362177	158.7504067
	
-338.6055076	163.7054093
	
-339.2747964	168.660412
	
-339.9440842	173.6154149
	
-340.6133709	178.5704179
	
-341.2826567	183.525421
	
-341.9519414	188.4804242
	
-342.6191926	193.4356996
	
-343.2764848	198.3923082
	
-343.9337761	203.3489168
	
-344.5910663	208.3055256
	
-345.2483556	213.2621345
	
-345.9056438	218.2187435
	
-346.5629311	223.1753526
	
-347.2202173	228.1319619
	
-347.8775025	233.0885712
	
-348.5347867	238.0451807
	
-349.19207	243.0017903
	
-349.8493522	247.9584001
	
-350.5066334	252.9150099
	
-351.1639136	257.8716199
	
-351.8211928	262.82823
	
-352.4784709	267.7848402
	
-353.1357481	272.7414505
	
-353.7930243	277.698061
	
-354.4502995	282.6546715
	
-355.1075736	287.6112822
	
-355.7624229	292.5682109
	
-356.4053953	297.5266973
	
-357.0483668	302.4851838
	
-357.6913373	307.4436704
	
-358.3343068	312.4021571
	
-358.9772753	317.3606439
	
-359.6202428	322.3191309
	
-360.2632093	327.2776179
	
-360.9061749	332.2361051
	
-361.5491394	337.1945924
	
-362.1921029	342.1530799
	
-362.8350655	347.1115674
	
-363.4780271	352.0700551
	
-363.9487895	357.0452367
	
-364.2702592	362.0348917
	
-364.5917283	367.0245468
	
-364.5798906	372.0223283
	
-364.5019678	377.0217211
	
-364.0724849	381.9922749
	
-363.3346343	386.9375329
	
-362.5967842	391.882791
	
-361.017662	396.6221099
	
-359.3878155	401.3490116
	
-357.6355589	406.0270337
	
-355.5612671	410.576464
	
-353.4869772	415.1258948
	
-351.3497223	419.6433264
	
-348.8975538	424.0007196
	
-346.4453876	428.3581133
	
-343.9913508	432.7144413
	
-341.495295	437.0468437
	
-338.9992414	441.3792467
	
-336.5808401	445.753251
	
-334.3567468	450.2313545
	
-332.1326556	454.7094586
	
-330.2095402	459.3208051
	
-328.3895227	463.977793
	
-326.9877538	468.7534672
	
-326.0904428	473.6722916
	
-325.234384	478.5962071
	
-324.9088829	483.5856007
	
-324.5833819	488.5749944
	
-324.5549513	493.5695978
	
-324.7053039	498.5673367
	
-324.8452844	503.5649665
	
-324.5897854	508.5584343
	
-324.2762171	513.5450066
	
-323.3552008	518.4594475
	
-322.3521826	523.3509715
	
-320.5919009	528.0308657
	
-318.8256218	532.7082884
	
-316.7781482	537.2698511
	
-314.7306765	541.8314143
	
-312.4508722	546.2778977
	
-310.0629578	550.6708315
	
-307.6750455	555.0637658
	
-305.3660177	559.4978636
	
-303.1283876	563.9692182
	
-300.9896612	568.4825551
	
-299.3275968	573.198225
	
-298.388952	578.057004
	
-298.1303547	583.0503123
	
-298.394494	588.0267797
	
-298.9739562	592.9930886
	
-299.7450103	597.931933
	
-300.5840406	602.8610332
	
-301.4690641	607.7816564
	
-302.4424008	612.6860031
	
-303.4157361	617.5903499
	
-303.6339496	622.5590696
	
-303.5048006	627.5574014
	
-303.3412719	632.5521056
	
-302.4243809	637.4673179
	
-301.5074907	642.3825302
	
-300.5906012	647.2977426
	
-299.2953479	652.1232033
	
-297.9068921	656.9265554
	
-296.5184376	661.7299076
	
-294.9619425	666.4807632
	
-293.3691483	671.2202786
	
-292.0046315	676.0275474
	
-291.3258992	680.9437972
	
-291.2826877	685.9436105
	
-292.9220235	690.6657612
	
-294.949869	695.2087816
	
-297.514431	699.5009864
	
-300.309783	703.6258096
	
-303.5930621	707.3967625
	
-306.8763383	711.1677168
	
-310.1596117	714.9386724
	
-313.697838	718.4695804
	
-317.264451	721.9737601
	
-320.8310613	725.4779414
	
-324.4663189	728.9031166
	
-328.4341236	731.945571
	
-332.4499004	734.9185625
	
-336.700305	737.5518239
	
-340.9507072	740.1850874
	
-345.6487323	741.8309282
	
-350.4304528	743.2921431
	
-355.212172	744.7533606
	
-360.1451816	745.5499419
	
-365.0993314	746.1428692
	
-370.0989565	746.0816465
	
-375.0680703	745.7499693
	
-379.9556744	744.6957778
	
-384.8432798	743.641589
	
-389.7308866	742.5874027
	
-394.3950923	740.7875954
	
-399.0571361	738.9805679
	
-403.6957925	737.1312469
	
-407.7047774	734.1432658
	
-411.7137651	731.1552864
	
-415.5088271	727.9150921
	
-419.1109628	724.4474403
	
-422.7131012	720.9797899
	
-426.3152424	717.5121408
	
-429.6679209	713.8127615
	
-432.861062	709.9651847
	
-436.0542057	706.1176088
	
-438.1214661	701.5872858
	
-440.057158	696.9771776
	
-441.5491791	692.2469345
	
-442.2040032	687.2899994
	
-442.8588277	682.3330644
	
-443.4685901	677.3721323
	
-443.6964987	672.3773291
	
-443.9244072	667.382526
	
-444.1523157	662.3877229
	
-444.3802242	657.3929198
	
-444.6081326	652.3981168
	
-444.836041	647.4033138
	
-445.0639494	642.4085108
	
-445.349879	637.4167554
	
-445.6465387	632.4255637
	
-445.9431985	627.434372
	
-446.2398583	622.4431804
	
-446.5365181	617.4519887
	
-446.833178	612.4607971
	
-447.1298379	607.4696056
	
-447.4264979	602.478414
	
-447.7231579	597.4872225
	
-448.019818	592.496031
	
-448.3164781	587.5048396
	
-448.6131382	582.5136481
	
-448.9097984	577.5224567
	
-449.2064587	572.5312653
	
-449.5031189	567.540074
	
-449.7997793	562.5488827
	
-450.0959938	557.5576646
	
-450.392139	552.5664424
	
-450.6882842	547.5752203
	
-450.9844294	542.5839981
	
-451.2805747	537.592776
	
-451.57672	532.6015539
	
-451.8728654	527.6103319
	
-452.1690108	522.6191099
	
-452.4651563	517.6278879
	
-452.7613018	512.6366659
	
-453.0439156	507.644667
	
-453.3208662	502.652343
	
-453.5978169	497.6600191
	
-453.8747677	492.6676952
	
-454.1517184	487.6753713
	
-454.4286692	482.6830474
	
-455.118037	477.7320283
	
-456.4173488	472.9204805
	
-457.9790535	468.1706301
	
-459.5407595	463.42078
	
-461.774082	458.9483624
	
-464.0197964	454.4810633
	
-466.2655128	450.0137646
	
-468.5112313	445.5464664
	
-470.7569518	441.0791687
	
-472.9006357	436.5622987
	
-475.0245316	432.0358146
	
-477.1484293	427.5093309
	
-479.272329	422.9828477
	
-481.3962307	418.4563649
	
-483.5201343	413.9298825
	
-485.6202421	409.3924211
	
-487.6859452	404.839086
	
-489.7516501	400.2857513
	
-491.8173569	395.7324171
	
-493.8830656	391.1790832
	
-495.9487762	386.6257497
	
-498.0144887	382.0724167
	
-499.9083474	377.4503341
	
-501.5531213	372.7286062
	
-503.1978966	368.0068784
	
-504.8426734	363.285151
	
-506.4874517	358.5634237
	
-508.2543384	353.8882757
	
-510.1720914	349.2706767
	
-512.0898461	344.6530781
	
-514.0076026	340.0354798
	
-516.461838	335.7014939
	
-519.1976764	331.5163786
	
-522.524052	327.8020927
	
-525.9946469	324.2027906
	
-529.6612522	320.8037983
	
-533.3349642	317.4120672
	
-537.0050433	314.0167699
	
-540.3268616	310.2797242
	
-543.6486825	306.5426796
	
-546.9705062	302.8056362
	
-550.1276893	298.9461851
	
-552.7496103	294.6887769
	
-555.3715337	290.4313693
	
-557.8452967	286.100478
	
-559.6480086	281.436764
	
-561.4507221	276.7730504
	
-562.817597	271.9918975
	
-563.6021388	267.0538317
	
-564.2060463	262.1034553
	
-564.0987241	257.1046072
	
-563.9914016	252.1057591
	
-563.367125	247.16079
	
-562.4413405	242.2472451
	
-561.5155548	237.3337004
	
-560.119168	232.5368063
	
-558.6428843	227.7597166
	
-557.1665988	222.9826272
	
-555.3376558	218.3310614
	
-553.4636685	213.6955283
	
-551.589679	209.0599958
	
-549.7156873	204.4244637
	
-547.8416935	199.7889322
	
-545.9100001	195.1778113
	
-543.8882497	190.6047904
	
-541.866497	186.0317701
	
-539.8447421	181.4587504
	
-537.8229849	176.8857313
	
-535.8191305	172.3048521
	
-533.8203623	167.7217397
	
-531.8215918	163.1386279
	
-529.822819	158.5555166
	
-527.824044	153.9724059
	
-525.8252667	149.3892958
	
-523.9196969	144.766689
	
-522.0167672	140.142963
	
-520.1138353	135.5192376
	
-518.2109012	130.8955127
	
-516.3079649	126.2717883
	
-514.4050265	121.6480644
	
-512.5020859	117.0243411
	
-510.5991431	112.4006183
	
-508.6961982	107.7768961
	
-506.793251	103.1531744
	
-504.8903017	98.52945322
	
-502.9873502	93.90573259
	
-501.0663096	89.28974212
	
-499.0400396	84.71872219
	
-497.0137674	80.14770286
	
-494.9874929	75.57668412
	
-492.9612161	71.00566597
	
-490.9364961	66.43395892
	
-488.9160994	61.86033947
	
-486.8957004	57.28672061
	
-485.0338318	52.64976885
	
-483.3467141	47.94300409
	
-482.8229428	42.9712513
	
-482.8366628	37.97959498
	
-483.0992888	32.9875988
	
-483.4803706	28.00214223
	
-483.8614525	23.01668568
	
-484.2425345	18.03122917
	
-484.6236167	13.04577268
	
-485.004699	8.060316228
	
-485.3857814	3.074859803
	
-485.766864	-1.910596592
	
-486.2163097	-6.890151083
	
-486.695314	-11.86715372
	
-487.1743186	-16.84415632
	
-487.6533234	-21.82115888
	
-488.1323285	-26.79816141
	
-488.6113339	-31.77516391
	
-489.0903394	-36.75216637
	
-489.5693453	-41.7291688
	
-490.0483514	-46.7061712
	
-490.5273577	-51.68317356
	
-490.9675351	-56.66375707
	
-491.406888	-61.64441661
	
-491.8462411	-66.62507611
	
-492.2855944	-71.60573559
	
-492.724948	-76.58639503
	
-493.1643017	-81.56705444
	
-493.6036556	-86.54771382
	
-494.0430098	-91.52837317
	
-494.4823641	-96.50903248
	
-494.7891554	-101.4995103
	
-495.0883637	-106.4905497
	
-495.387572	-111.4815891
	
-495.6867803	-116.4726285
	
-495.5671654	-121.4628349
	
-495.2481053	-126.4526446
	
-494.9290445	-131.4424542
	
-494.4835198	-136.4202797
	
-493.8596171	-141.3812015
	
-493.2357135	-146.3421232
	
-492.4862121	-151.2780497
	
-491.1632487	-156.0998508
	
-489.8402835	-160.9216516
	
-488.5173167	-165.7434522
	
-486.5879108	-170.3399114
	
-484.4412345	-174.8556373
	
-482.2945559	-179.3713624
	
-479.7519822	-183.6673382
	
-477.0551084	-187.8776669
	
-474.358232	-192.0879947
	
-471.6497321	-196.2900829
	
-468.5695178	-200.2286447
	
-465.4893008	-204.1672054
	
-462.4090809	-208.1057648
	
-459.2742767	-211.9977131
	
-455.8666744	-215.6567066
	
-452.4590692	-219.3156986
	
-449.0514611	-222.9746892
	
-445.6438502	-226.6336783
	
-441.7798704	-229.7980179
	
-437.8588522	-232.9005356
	
-433.925822	-235.9867567
	
-429.8016762	-238.8136652
	
-425.6775278	-241.6405716
	
-421.5533768	-244.4674759
	
-417.1735302	-246.8734887
	
-412.7641217	-249.2308417
	
-408.3547109	-251.5881925
	
-403.8308612	-253.6945926
	
-399.1597876	-255.478147
	
-394.4887122	-257.2616988
	
-389.8089576	-259.0213865
	
-385.0834146	-260.6551676
	
-380.3578701	-262.2889462
	
-375.4227196	-263.0406613
	
-370.467369	-263.7073698
	
-365.5120179	-264.3740756
	
-360.5436542	-264.9249036
	
-355.5638526	-265.3738762
	
-350.5840508	-265.822846
	
-345.5898235	-265.685932
	
-340.5939607	-265.4825734
	
-335.6112365	-265.1233942
	
-330.6518597	-264.4873225
	
-325.6924839	-263.851248
	
-320.7331089	-263.2151708
	
-315.7941193	-262.4414622
	
-310.8633043	-261.6125656
	
-305.9324905	-260.7836663
	
-301.0016777	-259.9547644
	
-296.0765819	-259.09312
	
-291.1567031	-258.2015967
	
-286.2368255	-257.3100707
	
-281.3169491	-256.4185421
	
-276.3970738	-255.5270108
	
-271.4771997	-254.6354769
	
-266.5573268	-253.7439403
	
-261.6374551	-252.8524011
	
-256.720434	-251.9455577
	
-251.8095794	-251.0056038
	
-246.898726	-250.0656472
	
-241.9878739	-249.1256879
	
-237.0811413	-248.1644765
	
-232.1748538	-247.2009726
	
-227.4602402	-245.5516278
	
-222.7653152	-243.8318385
	
-218.4740072	-241.291831
	
-214.2469595	-238.6212388
	
-210.1375093	-235.7738688
	
-206.0408756	-232.9072345
	
-201.96565	-230.0111151
	
-197.9714821	-227.0033499
	
-193.9773169	-223.9955831
	
-189.9831544	-220.9878146
	
-185.9889946	-217.9800445
	
-181.9948376	-214.9722727
	
-178.0006832	-211.9644992
	
-174.2130411	-208.7023933
	
-170.449353	-205.4107883
	
-166.6856677	-202.1191819
	
-162.9219851	-198.8275739
	
-159.1582974	-195.5359734
	
-155.3943674	-192.2446446
	
-151.6304402	-188.9533144
	
-147.8665157	-185.6619828
	
-144.2123981	-182.2531037
	
-140.6727308	-178.7217067
	
-137.1330662	-175.1903085
	
-133.5934043	-171.658909
	
-130.2150771	-167.9760726
	
-126.9146064	-164.2201572
	
-123.6141383	-160.4642406
	
-120.3136729	-156.7083229
	
-117.1093831	-152.8715743
	
-113.977516	-148.9739583
	
-110.8456515	-145.0763413
	
-107.7210876	-141.1728692
	
-104.418833	-137.4579402
	
-100.3392596	-134.5670787
	
-95.58143327	-133.2002547
	
-90.683749	-132.3328525
	
-85.69073912	-132.5971487
	
-80.71137459	-133.0075326
	
-75.75578661	-133.6724743
	
-70.796146	-134.2949295
	
-65.80421029	-134.5787925
	
-60.81227447	-134.8626526
	
-55.81430172	-134.9343459
	
-50.81430181	-134.9347856
	
-45.84859086	-134.3963474
	
-40.88897299	-133.7621624
	
-35.93327334	-133.1014036
	
-31.00166317	-132.2772504
	
-26.0700541	-131.4530944
	
-21.13844614	-130.6289359
	
-16.19060245	-129.915202
	
-11.23047462	-129.2850167
	
-6.270347686	-128.6548287
	
-1.276340607	-128.5063397
	
3.723165235	-128.4360309
	
8.722670785	-128.3657194
	
13.72217604	-128.2954051
	
18.71499731	-128.4645511
	
23.70279614	-128.8136401
	
28.69059516	-129.1627262
	
33.67839436	-129.5118096
	
38.66619372	-129.8608902
	
43.65399327	-130.209968
	
48.58443516	-130.9514268
	
53.46345692	-132.0446526
	
58.34247969	-133.1378757
	
63.22150345	-134.2310961
	
68.0316624	-135.5599673
	
72.73160009	-137.2660095
	
77.43153942	-138.9720492
	
82.13148038	-140.6780863
	
86.40066747	-143.2699458
	
90.64486285	-145.913202
	
94.88906066	-148.5564561
	
98.8320116	-151.6076059
	
102.6067038	-154.8865834
	
106.3813987	-158.1655591
	
110.163848	-161.4354514
	
113.994543	-164.648821
	
117.8252408	-167.8621888
	
121.6559413	-171.0755548
	
125.4866446	-174.288919
	
129.3173506	-177.5022815
	
133.1480593	-180.7156421
	
136.9787707	-183.929001
	
140.7998791	-187.1536612
	
144.5899429	-190.4148527
	
148.3800095	-193.6760426
	
152.1700788	-196.9372306
	
155.9601509	-200.1984169
	
159.7502258	-203.4596014
	
163.5403034	-206.7207842
	
167.3303837	-209.9819652
	
171.1204669	-213.2431445
	
174.9105527	-216.504322
	
178.7006414	-219.7654977
	
182.4857116	-223.0323135
	
186.1648316	-226.4181771
	
189.9247419	-229.704295
	
194.000956	-232.5998909
	
198.0955942	-235.4611986
	
202.7600812	-237.2619092
	
207.5094416	-238.7398581
	
212.4563533	-239.4665385
	
217.4244399	-239.9895776
	
222.4150293	-240.2962009
	
227.4056188	-240.6028215
	
232.3962085	-240.9094392
	
237.385916	-241.2296
	
242.3741125	-241.5729616
	
247.3623091	-241.9163203
	
252.350506	-242.2596763
	
257.3387029	-242.6030294
	
262.3269001	-242.9463798
	
267.3150974	-243.2897274
	
272.3032949	-243.6330721
	
277.2914926	-243.9764141
	
282.2796904	-244.3197533
	
287.2678884	-244.6630897
	
292.2560866	-245.0064232
	
297.2442849	-245.349754
	
302.2286093	-245.7452445
	
307.2127957	-246.1425922
	
312.1969824	-246.5399371
	
317.1811693	-246.9372791
	
322.1653564	-247.3346184
	
327.1495437	-247.7319549
	
332.1337313	-248.1292886
	
337.1179192	-248.5266196
	
342.1021072	-248.9239477
	
347.0862955	-249.321273
	
352.070484	-249.7185955
	
357.0546727	-250.1159152
	
362.0388617	-250.5132321
	
367.0205206	-250.9410116
	
372.0019643	-251.3713816
	
376.9847247	-251.7434902
	
381.9805235	-251.5385626
	
386.9456477	-251.1007727
	
391.8240922	-250.0049716
	
396.6467772	-248.7115572
	
401.3784848	-247.0957162
	
405.7829964	-244.7536178
	
410.0516812	-242.1757212
	
413.713266	-238.770901
	
417.2883408	-235.2878022
	
420.3113594	-231.3051699
	
423.1383087	-227.1937534
	
425.5924928	-222.8374931
	
428.0466747	-218.4812323
	
430.5008544	-214.1249709
	
432.9550318	-209.768709
	
435.4092071	-205.4124464
	
437.8633801	-201.0561833
	
440.3175509	-196.6999196
	
442.7717195	-192.3436553
	
445.2258859	-187.9873905
	
447.6891316	-183.6362522
	
450.154276	-179.2861866
	
452.6194183	-174.9361205
	
455.0845583	-170.5860537
	
457.5496961	-166.2359864
	
459.7699092	-161.7627635
	
461.7915698	-157.1897023
	
463.1802784	-152.4599241
	
463.525918	-147.4718851
	
463.6779744	-142.5018883
	
462.4165074	-137.6636343
	
461.1550419	-132.8253801
	
458.9416752	-128.3512406
	
456.6521668	-123.9062265
	
454.2886507	-119.5009395
	
451.8491994	-115.1364141
	
449.4097507	-110.7718879
	
446.9703045	-106.4073609
	
444.8153119	-101.8966622
	
442.687039	-97.37223345
	
440.5587685	-92.84780409
	
438.5755748	-88.25831814
	
436.9516598	-83.55332103
	
435.9346583	-78.65784272
	
436.351857	-73.70766055
	
437.6450007	-68.93629633
	
439.7579573	-64.40764544
	
442.7063625	-60.36946395
	
445.7307223	-56.39180468
	
449.0085567	-52.61611642
	
452.2863885	-48.84042707
	
455.5642175	-45.06473664
	
458.8420439	-41.28904514
	
462.1198676	-37.51335255
	
465.4086046	-33.74719525
	
468.7106866	-29.99269747
	
471.5984559	-25.92043725
	
474.2360622	-21.69864412
	
475.4922492	-16.85901653
	
476.748435	-12.0193888
	
476.6106059	-7.063053196
	
476.176621	-2.081923096
	
475.3038817	2.814886595
	
473.8605838	7.602045585
	
472.2672675	12.33768449
	
470.4648564	17.00151507
	
468.6624474	21.66534615
	
466.8263315	26.31587187
	
464.9570166	30.9532927
	
463.0877038	35.59071404
	
461.2183932	40.2281359
	
459.3490848	44.86555828
	
457.4797785	49.50298118
	
455.6104743	54.1404046
	
453.7411723	58.77782853
	
451.8936022	63.4237637
	
450.1165031	68.0972993
	
448.339406	72.77083538
	
446.562311	77.44437194
	
444.7852181	82.11790897
	
443.0081273	86.79144649
	
441.2310385	91.46498447
	
439.4539519	96.13852294
	
437.6768672	100.8120619
	
435.8997847	105.4856013
	
434.1227043	110.1591412
	
432.3456259	114.8326816
	
430.5685496	119.5062224
	
428.7896127	124.1790567
	
427.0090344	128.8512676
	
425.2284582	133.523479
	
423.4478841	138.1956909
	
421.6673121	142.8679033
	
419.8867421	147.5401161
	
418.1061742	152.2123294
	
416.3256084	156.8845432
	
414.5450447	161.5567575
	
412.764483	166.2289722
	
410.9839235	170.9011874
	
409.2033914	175.5734128
	
407.445664	180.2542685
	
405.6879387	184.9351247
	
403.9302154	189.6159814
	
402.1724941	194.2968386
	
400.414775	198.9776962
	
398.6570579	203.6585543
	
396.8993428	208.3394128
	
395.1416298	213.0202719
	
393.3839189	217.7011314
	
391.6262101	222.3819913
	
389.8685033	227.0628518
	
388.1107985	231.7437127
	
386.3889606	236.437815
	
384.683657	241.1380214
	
382.9783554	245.8382283
	
381.3641442	250.5702779
	
379.7697854	255.3092672
	
378.0242122	259.9937878
	
376.2303943	264.6609301
	
374.1241145	269.1697271
	
371.4211201	273.3761297
	
368.5919094	277.4904293
	
365.4106056	281.3478006
	
362.2293046	285.2051732
	
359.0480065	289.0625471
	
355.5036548	292.5863875
	
351.9292406	296.0826088
	
348.3548291	299.5788318
	
344.4733148	302.7281888
	
340.5697597	305.8526502
	
336.6662073	308.9771135
	
332.3629241	311.4820917
	
327.9075296	313.7513339
	
323.4521371	316.0205785
	
318.7042574	317.5830293
	
313.9481869	319.1256864
	
308.9965893	319.7608841
	
304.0272469	320.3137277
	
299.0428497	320.3378886
	
294.0500994	320.0687331
	
289.1283782	319.329896
	
284.2793004	318.1106978
	
279.7298913	316.2225661
	
275.5920127	313.4157961
	
271.6441997	310.4064769
	
268.5802427	306.4552535
	
266.3609554	302.0793176
	
265.0166716	297.2634167
	
265.190261	292.2948894
	
266.2597799	287.5015624
	
268.4816467	283.0223541
	
270.7789473	278.5839122
	
273.3085925	274.2710368
	
276.23261	270.252245
	
279.6445693	266.597312
	
282.9955732	262.8866695
	
286.3295777	259.1604898
	
289.5338409	255.3245103
	
292.6574569	251.4202787
	
295.0546337	247.0766223
	
296.824738	242.4209353
	
297.8661273	237.5305868
	
298.6207343	232.5909111
	
299.2731544	227.6336591
	
299.9255755	222.6764072
	
300.5779976	217.7191554
	
301.2304207	212.7619037
	
301.8828448	207.8046522
	
302.5352699	202.8474007
	
303.2020342	197.8920659
	
303.8743833	192.9374775
	
304.5467335	187.9828892
	
305.2190846	183.0283011
	
305.8914368	178.0737131
	
306.56379	173.1191252
	
307.2361442	168.1645375
	
307.9084995	163.2099498
	
308.5808557	158.2553623
	
309.253213	153.3007749
	
309.9255713	148.3461876
	
310.5839546	143.3897485
	
311.2252709	138.4310477
	
311.8665882	133.4723471
	
312.5079065	128.5136466
	
313.1492257	123.5549462
	
313.790546	118.5962459
	
314.4421792	113.6389686
	
315.1677113	108.6918884
	
315.8932445	103.7448083
	
316.6187788	98.79772832
	
317.0658363	93.82401623
	
317.2911062	88.82909344
	
317.5163766	83.83417072
	
317.0524027	78.86874719
	
316.4011788	73.91133785
	
315.7499544	68.95392856
	
314.8250167	64.05894942
	
313.2622351	59.30945344
	
311.6994522	54.55995769
	
310.0590891	49.84485012
	
307.5894895	45.49731371
	
305.1198877	41.1497779
	
302.5594194	36.86247257
	
299.5171108	32.89455717
	
296.4747995	28.9266427
	
293.1407779	25.21703311
	
289.5702268	21.7168666
	
285.5412372	18.80445951
	
281.2769925	16.1936703
	
276.6941223	14.21997981
	
272.0031623	12.52582392
	
267.0915387	11.58990163
	
262.179914	10.65398199
	
257.2025956	10.29775542
	
252.2060912	10.11083056
	
247.2095863	9.923908486
	
242.213081	9.736989185
	
237.2158406	9.572097207
	
232.2180083	9.42493512
	
227.2201756	9.277775814
	
222.2223426	9.130619289
	
217.2245091	8.983465544
	
212.2266753	8.83631458
	
207.2288412	8.689166399
	
202.2310066	8.542020997
	
197.2331717	8.394878378
	
192.2353364	8.247738538
	
187.2375007	8.10060148
	
182.2396646	7.953467205
	
177.2418282	7.806335709
	
172.2465495	7.591759458
	
167.2519015	7.360545541
	
162.2572531	7.129334397
	
157.2626042	6.898126025
	
152.2679548	6.666920427
	
147.2733049	6.435717601
	
142.2786546	6.204517548
	
137.2840038	5.973320269
	
132.2893525	5.742125764
	
127.2947007	5.510934029
	
122.3000485	5.279745067
	
117.3053958	5.048558879
	
112.3107427	4.817375463
	
107.316089	4.586194819
	
102.3214349	4.35501695
	
97.32678036	4.123841853
	
92.33212532	3.89266953
	
87.33746981	3.661499978
	
82.34281383	3.430333199
	
77.34815738	3.199169193
	
72.35350045	2.968007961
	
67.35805588	2.754999291
	
62.36223548	2.550648735
	
57.36641463	2.346300955
	
52.37059334	2.141955951
	
47.37477161	1.937613721
	
42.37894944	1.733274268
	
37.38312683	1.528937589
	
32.38730377	1.324603688
	
27.39148028	1.120272561
	
22.39565635	0.915944209
	
17.39983197	0.711618634
	
12.40400715	0.507295835
	
7.408181898	0.302975812
	
2.4123562	0.098658562